1 0 0 0
2 1 39 0
4 40 86 2
5 40 91 2
6 42 45 0
7 78 91 0
8 1 29 0
10 30 91 8
11 30 91 8
12 24 28 0
13 31 32 0
15 33 53 13
16 33 91 13
17 35 50 0
18 55 57 0
19 83 91 0
20 0 23 0
21 24 91 20
23 24 91 20
24 0 29 0
26 30 91 24
27 30 91 24
28 0 22 0
29 23 91 28
31 23 91 28
32 0 21 0
34 22 91 32
35 22 91 32
36 0 0 0
38 1 30 36
39 1 36 36
41 31 91 38
42 31 91 38
43 37 91 39
45 37 91 39
46 0 41 0
48 42 91 46
49 42 91 46
50 0 91 0
52 0 3 0
54 39 91 69
56 39 91 69
57 4 38 52
58 39 91 57
60 39 91 57
61 0 3 0
63 4 35 61
64 36 91 63
68 42 91 70
69 4 38 52
70 4 41 61
71 36 91 63
72 42 91 70
73 0 11 0
75 12 51 73
76 12 62 73
77 63 91 76
79 63 91 76
80 52 91 75
82 52 91 75
83 0 7 0
85 8 91 83
86 8 91 83
87 0 7 0
89 8 78 87
90 8 57 87
92 58 91 90
93 58 91 90
95 79 91 89
96 79 91 89
97 0 91 0
98 0 91 0
99 0 16 0
100 18 25 0
101 33 38 0
102 78 91 0
104 0 91 0
105 0 27 0
106 28 91 105
108 28 91 105
109 0 28 0
110 29 91 109
112 29 91 109
113 0 20 0
114 21 59 113
116 21 54 113
118 55 91 116
119 55 91 116
121 60 91 114
122 60 91 114
123 0 23 0
125 24 91 123
126 24 91 123
127 0 0 0
128 0 91 0
129 0 91 0
130 0 27 0
131 0 10 0
132 12 20 0
133 22 91 0
134 12 91 0
135 40 51 0
136 59 64 0
137 70 91 0
139 25 27 0
140 32 91 0
143 0 2 0
144 3 31 143
146 3 91 143
148 32 91 144
149 32 91 144
151 0 4 0
152 5 40 151
154 5 43 151
156 44 91 154
158 44 91 154
160 41 91 152
161 41 91 152
162 0 9 0
164 10 41 162
165 10 42 162
167 42 53 164
168 42 91 164
169 43 91 165
171 43 91 165
172 0 1 0
173 6 8 0
174 12 91 0
175 0 9 0
176 10 91 0
177 15 23 0
178 0 17 0
179 18 85 178
181 18 91 178
183 77 91 0
184 0 14 0
185 15 69 184
187 15 64 184
189 70 91 185
191 70 70 185
192 72 76 0
193 0 91 0
194 0 30 0
195 31 91 194
197 31 91 194
198 29 68 0
199 69 91 198
201 69 91 198
202 29 91 0
203 31 91 0
204 33 38 0
206 39 77 204
207 39 91 204
208 78 91 206
210 78 91 206
211 86 91 179
213 86 91 179
214 65 91 0
215 65 91 0
216 0 38 0
218 39 91 216
219 39 91 216
220 0 27 0
222 28 91 220
223 28 91 220
224 0 32 0
225 33 91 224
227 33 91 224
229 0 32 0
230 33 91 229
232 33 91 229
233 0 6 0
234 7 91 233
236 7 91 233
237 0 26 0
238 27 91 237
240 27 91 237
241 0 43 0
243 44 91 241
244 44 91 241
245 0 36 0
247 37 91 245
249 37 50 245
250 51 91 249
251 51 91 249
252 0 28 0
253 29 91 252
255 29 91 252
258 0 11 0
259 12 38 258
261 12 40 258
263 39 91 259
264 39 91 259
266 41 91 261
267 41 91 261
268 0 33 0
269 34 91 268
271 34 91 268
273 0 25 0
274 26 91 273
276 26 91 273
277 0 10 0
278 11 75 277
280 11 44 277
281 45 91 280
283 45 91 280
285 76 91 278
286 76 91 278
287 0 15 0
289 16 75 287
290 16 91 287
292 76 91 289
293 76 91 289
294 0 16 0
296 17 91 294
297 17 77 294
298 0 34 0
300 35 91 298
301 35 91 298
302 0 19 0
303 20 91 302
305 20 91 302
306 0 17 0
308 0 4 0
310 5 33 308
311 5 32 308
312 33 91 311
314 33 91 311
316 34 91 310
317 34 91 310
318 0 39 0
320 40 91 318
321 40 91 318
322 0 4 0
323 5 48 322
325 5 64 322
326 49 91 323
328 49 91 323
330 65 91 325
331 65 91 325
332 0 17 0
334 18 91 332
335 18 91 332
336 0 3 0
338 4 91 336
339 4 91 336
340 0 0 0
342 1 44 340
343 45 91 342
345 45 83 342
347 37 91 353
349 37 86 353
353 1 36 340
355 49 91 413
358 0 9 0
359 10 45 358
361 10 39 358
363 40 91 361
364 40 91 361
366 46 91 359
367 46 68 359
368 0 12 0
369 13 51 368
371 13 47 368
372 48 91 371
374 48 91 371
375 0 50 0
377 0 6 0
378 8 86 0
383 51 91 375
385 51 91 375
386 0 26 0
387 27 91 386
389 27 91 386
398 0 14 0
400 15 44 398
401 15 48 398
403 45 91 400
404 45 91 400
406 49 91 401
407 49 91 401
409 52 91 369
410 52 91 369
411 12 91 412
412 0 11 0
413 12 48 412
415 49 91 413
416 0 26 0
417 27 91 416
419 27 91 416
420 0 12 0
421 13 56 420
423 49 91 427
426 49 49 427
427 13 48 420
428 57 91 421
430 57 91 421
431 0 12 0
433 13 46 431
434 47 91 433
436 47 91 433
437 13 50 431
439 51 91 437
440 51 91 437
441 0 5 0
443 6 47 441
444 6 44 441
446 45 91 444
447 45 91 444
449 48 91 443
450 48 91 443
451 0 0 0
452 1 33 451
454 1 32 451
455 0 7 0
457 8 46 455
458 8 41 455
460 42 91 458
461 42 91 458
463 47 91 457
464 47 91 457
465 0 5 0
466 6 36 465
467 6 37 465
468 37 91 466
469 37 91 466
471 38 91 467
472 38 91 467
473 0 10 0
475 11 52 473
476 11 11 473
480 0 91 0
481 0 91 0
482 0 30 0
483 31 33 482
484 31 91 482
485 52 54 0
486 62 63 0
487 65 91 0
488 0 2 0
489 3 36 488
490 3 35 488
492 37 91 489
493 37 91 489
494 37 37 0
496 38 91 494
497 38 91 494
498 0 7 0
500 8 53 498
501 8 48 498
503 49 91 501
504 49 91 501
506 54 91 500
507 54 56 500
509 57 91 507
510 57 91 507
511 58 91 0
512 0 31 0
514 32 32 512
515 32 91 512
516 0 21 0
518 40 44 0
519 46 46 0
520 47 61 0
521 69 91 0
522 76 91 0
523 32 39 0
524 1 26 0
526 2 40 0
528 41 91 526
529 41 91 526
530 2 29 0
532 30 91 530
533 30 91 530
534 6 7 0
535 21 91 0
536 30 31 0
537 34 91 0
538 58 91 0
539 28 31 0
540 43 91 0
541 40 91 0
543 12 52 0
545 53 91 475
546 53 91 475
548 53 91 543
549 53 91 543
550 0 91 0
551 0 36 0
552 37 91 551
554 37 91 551
555 0 3 0
557 4 91 555
558 4 91 555
559 0 1 0
560 2 33 559
562 2 36 559
563 34 91 560
565 34 91 560
566 37 91 562
568 37 91 562
569 0 3 0
571 4 63 569
572 4 70 569
573 71 91 572
575 71 91 572
577 64 91 571
578 64 91 571
579 0 3 0
581 4 91 579
582 4 91 579
583 0 17 0
584 18 49 583
586 18 49 583
587 50 91 584
590 50 91 586
591 50 91 584
592 50 91 586
593 0 19 0
595 20 70 593
596 20 63 593
597 64 91 596
599 64 91 596
601 71 83 595
602 71 91 595
603 0 8 0
604 9 36 603
606 9 39 603
608 37 62 604
609 37 91 604
610 40 91 606
612 40 91 606
613 0 7 0
614 8 38 613
616 8 38 613
617 39 91 614
619 39 91 614
621 39 91 616
622 39 91 616
623 0 83 0
624 0 91 0
625 0 22 0
626 23 91 625
628 23 65 625
629 66 91 628
631 66 91 628
632 22 91 0
634 6 9 0
635 61 62 0
636 65 91 0
637 78 91 0
638 0 31 0
639 32 91 638
641 42 91 0
642 0 21 0
643 22 76 642
645 22 58 642
646 59 91 645
648 59 91 645
651 77 91 643
652 77 91 643
653 0 18 0
654 19 58 653
656 19 54 653
657 55 91 656
659 55 91 656
661 59 91 654
662 59 91 654
663 0 22 0
664 23 91 663
666 23 64 663
668 65 91 666
669 65 81 666
671 82 91 669
672 82 91 669
673 0 19 0
674 20 78 0
675 20 58 0
676 59 91 675
678 59 91 675
679 79 91 674
681 79 91 674
682 0 22 0
683 23 91 682
685 23 91 682
687 0 25 0
690 26 91 687
691 26 91 687
692 0 28 0
694 29 91 692
695 29 91 692
696 0 25 0
699 26 91 696
700 26 91 696
701 0 18 0
703 19 54 701
704 19 60 701
705 55 91 0
706 55 91 0
707 61 91 704
709 61 91 704
710 0 15 0
711 16 45 710
712 46 91 711
715 46 91 732
717 46 91 732
718 46 91 711
720 0 28 0
721 29 91 720
723 29 91 720
724 32 41 638
725 0 3 0
726 4 32 725
728 4 31 725
729 32 91 728
731 32 91 728
732 16 45 710
734 33 91 726
735 33 91 726
736 0 11 0
737 12 37 736
739 12 39 736
740 38 91 737
742 38 91 737
743 40 91 739
745 40 91 739
746 0 21 0
748 22 56 746
750 57 91 748
751 57 91 748
752 55 91 755
755 22 54 746
756 55 91 755
757 0 22 0
758 23 91 757
760 23 91 757
761 0 36 0
764 37 91 761
765 37 91 761
766 0 30 0
767 31 91 766
770 31 91 766
771 0 10 0
772 11 40 771
776 41 91 772
777 41 91 772
779 11 36 771
781 37 91 779
782 37 91 779
783 0 14 0
784 15 49 0
785 15 91 0
787 50 91 784
791 50 91 784
792 0 13 0
793 14 58 0
794 63 91 0
795 16 19 0
796 0 14 0
797 18 32 0
798 36 80 0
799 41 45 0
800 47 53 0
801 68 71 0
803 0 0 0
804 1 35 0
805 1 29 0
806 0 5 0
807 6 37 806
808 38 91 807
810 38 91 807
812 6 37 806
813 38 91 0
814 38 91 0
815 11 35 0
816 36 45 815
818 46 91 0
819 36 49 815
820 0 2 0
821 8 36 0
823 37 40 821
824 37 47 821
825 9 34 0
826 44 51 945
827 66 74 0
828 0 5 0
829 6 35 828
831 6 34 828
833 35 91 831
836 36 91 829
838 36 91 829
840 35 91 831
841 0 5 0
842 6 30 841
844 6 31 841
849 31 91 842
850 31 91 842
851 0 2 0
852 3 27 851
854 3 30 851
855 28 91 852
857 28 91 852
858 31 91 854
860 31 91 854
861 0 4 0
863 5 52 861
864 5 53 861
865 56 91 0
866 7 10 0
867 38 71 0
868 5 18 0
869 33 36 0
870 43 91 0
871 16 91 0
872 34 91 0
873 72 91 0
874 32 91 0
875 52 64 0
876 59 66 0
877 71 71 0
878 67 91 0
879 83 91 0
880 83 91 0
881 1 7 0
882 1 91 0
883 8 32 0
885 33 91 883
886 33 91 883
887 38 91 0
888 39 91 0
889 19 36 0
890 0 13 0
891 14 43 890
893 14 83 890
894 84 90 893
896 84 91 893
897 0 6 0
898 7 58 897
900 7 56 897
902 57 91 900
903 57 91 900
905 59 91 898
906 59 67 898
907 75 91 0
908 10 91 0
910 18 74 306
911 87 91 0
913 18 91 306
914 33 91 454
915 33 91 454
916 34 91 452
918 34 91 452
919 47 50 0
920 83 91 0
921 83 91 0
922 50 91 0
923 48 53 0
924 55 62 0
925 86 91 0
926 50 91 0
929 36 91 804
930 36 91 804
931 68 77 0
933 36 36 0
934 75 91 0
935 53 54 0
936 67 75 0
937 79 79 0
938 78 91 0
939 91 91 0
941 79 91 0
942 79 80 801
945 37 41 821
946 88 91 798
