1 0 30 0
8 31 91 1
9 31 91 1
10 0 4 0
12 0 38 0
14 39 91 12
15 39 91 12
16 0 22 0
18 23 91 16
19 23 91 16
20 43 91 0
21 63 91 0
22 0 1 0
23 3 3 0
24 3 37 0
25 0 3 0
28 4 49 25
29 4 48 25
30 0 1 0
32 2 39 30
33 2 44 30
35 91 91 0
36 40 91 32
37 40 90 32
39 45 91 33
40 45 91 33
41 0 32 0
43 33 91 41
44 33 91 41
45 49 91 29
46 49 91 29
48 50 91 28
49 50 91 28
50 0 91 0
51 0 17 0
53 18 91 51
54 18 91 51
55 0 22 0
58 23 75 55
59 23 88 55
61 76 91 58
62 76 91 58
63 0 21 0
65 22 66 63
66 22 81 63
68 67 91 65
69 67 91 65
71 82 91 66
72 82 91 66
74 89 91 59
75 89 91 59
76 0 12 0
78 13 51 76
79 13 50 76
80 51 91 79
82 51 91 79
84 52 91 78
85 52 91 78
86 0 14 0
88 15 84 86
89 15 57 86
91 58 90 89
92 91 91 0
93 58 91 89
94 0 33 0
96 34 91 94
97 34 91 94
98 0 30 0
100 31 91 98
101 31 91 98
102 0 7 0
104 8 48 102
105 8 64 102
107 49 91 104
108 49 91 104
110 65 91 105
111 65 91 105
112 0 4 0
114 5 55 112
115 5 51 112
117 52 91 115
118 52 91 115
120 56 91 114
121 56 91 114
123 85 91 88
124 85 91 88
125 0 14 0
127 15 69 125
128 15 60 125
130 61 62 128
131 61 91 128
132 65 91 0
133 0 14 0
135 15 91 133
136 15 91 133
137 0 25 0
139 26 91 137
140 26 91 137
141 0 2 0
143 3 37 141
144 3 37 141
146 38 91 144
147 38 91 144
149 38 91 143
150 38 91 143
151 0 5 0
153 6 40 151
154 6 41 151
156 41 91 153
157 41 91 153
159 42 91 154
160 42 91 154
161 0 3 0
163 4 44 161
164 4 41 161
167 42 91 164
168 42 91 164
169 0 20 0
171 21 55 169
172 21 91 169
174 56 91 171
175 56 91 171
177 0 8 0
179 9 43 177
180 9 91 177
182 44 91 179
183 44 91 179
185 49 91 0
186 0 91 0
188 10 17 0
189 0 13 0
190 36 51 0
192 52 91 190
193 52 91 190
195 45 91 163
196 45 91 163
197 0 60 0
199 34 91 0
200 0 35 0
202 36 91 200
203 36 91 200
204 0 10 0
207 11 39 204
208 40 91 207
211 41 79 220
212 41 82 220
214 76 91 221
215 76 91 221
217 80 91 211
218 80 91 211
220 11 40 204
221 40 75 207
223 83 91 212
224 83 91 212
225 0 13 0
227 14 47 225
228 14 44 225
230 45 81 228
231 45 79 228
233 48 90 227
234 48 90 227
238 91 91 234
239 91 91 234
241 91 91 233
242 91 91 233
244 80 91 231
245 80 91 231
247 82 91 230
248 82 91 230
257 0 12 0
259 13 42 257
260 13 45 257
262 43 85 259
263 43 91 259
265 46 90 260
266 46 91 260
268 91 91 265
269 91 91 265
270 0 13 0
272 14 49 270
273 14 52 270
275 50 91 272
276 50 91 272
278 53 91 273
279 53 91 273
280 86 91 262
282 86 91 262
284 0 10 0
286 11 48 284
287 11 42 284
288 0 10 0
290 11 40 288
291 11 42 288
293 41 91 290
294 41 91 290
296 43 91 287
297 43 91 287
299 43 91 291
300 43 91 291
302 91 91 0
303 49 91 286
304 49 90 286
305 0 15 0
307 16 60 305
308 16 54 305
310 55 91 308
311 55 91 308
313 61 91 307
314 61 91 307
315 0 12 0
317 13 47 315
318 13 56 315
321 48 91 317
322 48 91 317
324 57 91 318
325 57 91 318
326 0 7 0
328 8 39 326
329 8 37 326
331 38 91 329
332 38 91 329
333 0 6 0
335 7 14 333
336 7 41 333
337 21 34 0
340 78 91 380
341 78 91 380
343 40 91 328
344 40 91 328
346 42 84 336
347 42 76 336
349 77 91 347
350 77 91 347
351 75 76 0
352 78 91 0
353 0 28 0
355 29 91 353
356 29 80 353
358 85 91 346
359 85 91 346
361 70 91 127
362 70 91 127
363 0 46 0
364 47 55 0
365 47 59 0
366 0 37 0
368 38 42 366
369 38 46 366
370 36 36 0
371 38 88 0
372 38 88 0
373 91 91 0
374 10 14 0
375 17 24 0
376 27 29 0
377 35 35 0
380 38 77 0
381 17 17 0
382 23 24 0
383 25 36 0
384 42 44 0
385 50 52 0
387 64 76 0
388 64 66 0
389 86 91 0
